<?xml version="1.0"?>
<opencv_storage>
<Intrinsics type_id="opencv-matrix">
  <rows>3</rows>
  <cols>3</cols>
  <dt>f</dt>
  <data>
    1.20846729e+003 0. 5.15673035e+002 0. 1.20851111e+003
    5.17599670e+002 0. 0. 1.</data></Intrinsics>
</opencv_storage>
