<?xml version="1.0"?>
<opencv_storage>
<Rotation type_id="opencv-matrix">
  <rows>3</rows>
  <cols>3</cols>
  <dt>f</dt>
  <data>
    -2.00456101e-002 9.99528766e-001 2.32481807e-002 9.98617351e-001
    1.88862830e-002 4.90580872e-002 4.85958941e-002 2.41994355e-002
    -9.98525321e-001</data></Rotation>
</opencv_storage>
