% Intrinsic and Extrinsic Camera Parameters
%
% This script file can be directly excecuted under Matlab to recover the camera intrinsic and extrinsic parameters.
% IMPORTANT: This file contains neither the structure of the calibration objects nor the image coordinates of the calibration points.
%            All those complementary variables are saved in the complete matlab data file Calib_Results.mat.
% For more information regarding the calibration model visit http://www.vision.caltech.edu/bouguetj/calib_doc/


%-- Focal length:
fc = [ 579.982704104963200 ; 579.874223337938470 ];

%-- Principal point:
cc = [ 207.296422508615050 ; 149.630936265066340 ];

%-- Skew coefficient:
alpha_c = 0.000000000000000;

%-- Distortion coefficients:
kc = [ 0.636135751509665 ; -1.259910576683441 ; -0.027239389565965 ; 0.051650499081274 ; 0.000000000000000 ];

%-- Focal length uncertainty:
fc_error = [ 16.465315867846698 ; 16.104318966216574 ];

%-- Principal point uncertainty:
cc_error = [ 15.538412728789933 ; 11.187282670972426 ];

%-- Skew coefficient uncertainty:
alpha_c_error = 0.000000000000000;

%-- Distortion coefficients uncertainty:
kc_error = [ 0.102149918843532 ; 0.788437449236104 ; 0.014733637197306 ; 0.023322596164563 ; 0.000000000000000 ];

%-- Image size:
nx = 352;
ny = 288;


%-- Various other variables (may be ignored if you do not use the Matlab Calibration Toolbox):
%-- Those variables are used to control which intrinsic parameters should be optimized

n_ima = 25;						% Number of calibration images
est_fc = [ 1 ; 1 ];					% Estimation indicator of the two focal variables
est_aspect_ratio = 1;				% Estimation indicator of the aspect ratio fc(2)/fc(1)
center_optim = 1;					% Estimation indicator of the principal point
est_alpha = 0;						% Estimation indicator of the skew coefficient
est_dist = [ 1 ; 1 ; 1 ; 1 ; 0 ];	% Estimation indicator of the distortion coefficients


%-- Extrinsic parameters:
%-- The rotation (omc_kk) and the translation (Tc_kk) vectors for every calibration image and their uncertainties

%-- Image #1:
omc_1 = [ -2.173135e+000 ; -2.181328e+000 ; 5.245865e-001 ];
Tc_1  = [ -1.093402e+002 ; 1.907582e+001 ; 7.569596e+002 ];
omc_error_1 = [ 2.612853e-002 ; 2.555481e-002 ; 6.372705e-002 ];
Tc_error_1  = [ 2.021395e+001 ; 1.481860e+001 ; 2.008404e+001 ];

%-- Image #2:
omc_2 = [ 2.936301e+000 ; -2.661732e-001 ; -1.985940e-001 ];
Tc_2  = [ -3.756991e+001 ; 1.512268e+002 ; 7.431039e+002 ];
omc_error_2 = [ 4.752133e-002 ; 8.410310e-003 ; 8.292305e-002 ];
Tc_error_2  = [ 2.013008e+001 ; 1.435478e+001 ; 2.132847e+001 ];

%-- Image #3:
omc_3 = [ 1.797691e-001 ; -2.901562e+000 ; -6.489744e-001 ];
Tc_3  = [ 4.628688e+001 ; -5.574831e+001 ; 6.755568e+002 ];
omc_error_3 = [ 1.357791e-002 ; 3.355814e-002 ; 4.024692e-002 ];
Tc_error_3  = [ 1.808019e+001 ; 1.297342e+001 ; 2.039335e+001 ];

%-- Image #4:
omc_4 = [ -2.154362e+000 ; -1.896515e+000 ; -5.242623e-001 ];
Tc_4  = [ -1.798903e+002 ; 7.879190e+000 ; 5.468364e+002 ];
omc_error_4 = [ 1.946666e-002 ; 1.757330e-002 ; 5.309013e-002 ];
Tc_error_4  = [ 1.461774e+001 ; 1.096234e+001 ; 1.665777e+001 ];

%-- Image #5:
omc_5 = [ 2.130951e+000 ; -2.028417e+000 ; 7.907333e-002 ];
Tc_5  = [ 5.031402e+001 ; 7.818120e+001 ; 4.496467e+002 ];
omc_error_5 = [ 2.668694e-002 ; 2.441823e-002 ; 4.963892e-002 ];
Tc_error_5  = [ 1.218113e+001 ; 8.594956e+000 ; 1.261375e+001 ];

%-- Image #6:
omc_6 = [ 3.467749e-002 ; 2.917865e+000 ; -3.620757e-002 ];
Tc_6  = [ 2.879184e+001 ; -7.731088e+001 ; 4.486842e+002 ];
omc_error_6 = [ 5.022269e-003 ; 3.286513e-002 ; 3.151768e-002 ];
Tc_error_6  = [ 1.199850e+001 ; 8.594107e+000 ; 1.204417e+001 ];

%-- Image #7:
omc_7 = [ -2.079659e+000 ; 2.212689e+000 ; -1.634353e-001 ];
Tc_7  = [ 6.566715e+001 ; 4.098337e+001 ; 5.196567e+002 ];
omc_error_7 = [ 2.734942e-002 ; 3.194870e-002 ; 5.321687e-002 ];
Tc_error_7  = [ 1.389537e+001 ; 9.953618e+000 ; 1.410832e+001 ];

%-- Image #8:
omc_8 = [ -1.840707e+000 ; 2.033477e+000 ; 2.777718e-001 ];
Tc_8  = [ 1.011138e+002 ; -3.457083e+001 ; 5.371897e+002 ];
omc_error_8 = [ 1.829435e-002 ; 2.519595e-002 ; 3.782885e-002 ];
Tc_error_8  = [ 1.434875e+001 ; 1.035061e+001 ; 1.413264e+001 ];

%-- Image #9:
omc_9 = [ -2.265915e+000 ; 2.035901e+000 ; -1.137351e-001 ];
Tc_9  = [ 5.050304e+001 ; 1.691631e+001 ; 5.043097e+002 ];
omc_error_9 = [ 3.057223e-002 ; 2.891120e-002 ; 6.088062e-002 ];
Tc_error_9  = [ 1.346510e+001 ; 9.693929e+000 ; 1.374438e+001 ];

%-- Image #10:
omc_10 = [ -2.099397e+000 ; -2.076873e+000 ; -2.030895e-001 ];
Tc_10  = [ -8.961481e+001 ; 5.833146e+001 ; 5.856510e+002 ];
omc_error_10 = [ 1.742711e-002 ; 2.397821e-002 ; 5.504210e-002 ];
Tc_error_10  = [ 1.572818e+001 ; 1.148349e+001 ; 1.615782e+001 ];

%-- Image #11:
omc_11 = [ 2.142965e+000 ; 2.076679e+000 ; 1.617463e-001 ];
Tc_11  = [ -9.805008e+001 ; 3.924854e+001 ; 6.163101e+002 ];
omc_error_11 = [ 2.793955e-002 ; 2.727923e-002 ; 7.089438e-002 ];
Tc_error_11  = [ 1.662504e+001 ; 1.206881e+001 ; 1.787230e+001 ];

%-- Image #12:
omc_12 = [ -2.245827e-001 ; 2.940327e+000 ; -3.336873e-001 ];
Tc_12  = [ 1.144581e+002 ; -1.138394e+002 ; 6.863481e+002 ];
omc_error_12 = [ 1.200757e-002 ; 3.461565e-002 ; 3.656106e-002 ];
Tc_error_12  = [ 1.858219e+001 ; 1.303183e+001 ; 1.858952e+001 ];

%-- Image #13:
omc_13 = [ -3.294077e-002 ; -3.075723e+000 ; 1.789716e-001 ];
Tc_13  = [ -9.391664e+001 ; -1.111480e+002 ; 6.288737e+002 ];
omc_error_13 = [ 9.123575e-003 ; 4.547756e-002 ; 4.950930e-002 ];
Tc_error_13  = [ 1.704568e+001 ; 1.226169e+001 ; 1.751206e+001 ];

%-- Image #14:
omc_14 = [ -2.065105e+000 ; 2.049543e+000 ; -1.138891e-001 ];
Tc_14  = [ 1.102565e+002 ; 2.833960e+001 ; 5.664684e+002 ];
omc_error_14 = [ 2.445636e-002 ; 2.542171e-002 ; 3.921340e-002 ];
Tc_error_14  = [ 1.512319e+001 ; 1.080952e+001 ; 1.509580e+001 ];

%-- Image #15:
omc_15 = [ -2.490728e+000 ; 1.788532e+000 ; -5.170850e-002 ];
Tc_15  = [ 1.194191e+002 ; 2.862475e+001 ; 8.239911e+002 ];
omc_error_15 = [ 5.296693e-002 ; 3.641519e-002 ; 1.040523e-001 ];
Tc_error_15  = [ 2.198313e+001 ; 1.578623e+001 ; 2.285284e+001 ];

%-- Image #16:
omc_16 = [ -2.863911e-001 ; 2.582104e+000 ; -5.967114e-001 ];
Tc_16  = [ -2.210632e+002 ; 1.095973e+001 ; 1.004058e+003 ];
omc_error_16 = [ 1.510350e-002 ; 4.409911e-002 ; 4.640884e-002 ];
Tc_error_16  = [ 2.715488e+001 ; 1.971325e+001 ; 2.798467e+001 ];

%-- Image #17:
omc_17 = [ 1.738543e+000 ; 2.275404e+000 ; -7.354823e-001 ];
Tc_17  = [ -3.364452e+002 ; 1.200811e+002 ; 1.268996e+003 ];
omc_error_17 = [ 2.581354e-002 ; 3.373600e-002 ; 6.402855e-002 ];
Tc_error_17  = [ 3.464717e+001 ; 2.531331e+001 ; 3.809041e+001 ];

%-- Image #18:
omc_18 = [ -4.871417e-001 ; 2.427062e+000 ; -2.446815e-001 ];
Tc_18  = [ 8.387386e+001 ; 1.253769e+002 ; 1.371999e+003 ];
omc_error_18 = [ 1.661063e-002 ; 3.753824e-002 ; 3.780895e-002 ];
Tc_error_18  = [ 3.682631e+001 ; 2.643342e+001 ; 3.817350e+001 ];

%-- Image #19:
omc_19 = [ 5.419896e-001 ; -2.697648e+000 ; 4.207603e-001 ];
Tc_19  = [ 1.567442e+002 ; 1.841495e+001 ; 1.451160e+003 ];
omc_error_19 = [ 2.032769e-002 ; 5.867195e-002 ; 7.665818e-002 ];
Tc_error_19  = [ 3.899795e+001 ; 2.784617e+001 ; 4.125461e+001 ];

%-- Image #20:
omc_20 = [ -3.532887e-001 ; 3.043441e+000 ; -2.992580e-001 ];
Tc_20  = [ 9.336082e+001 ; -1.067577e+002 ; 1.546582e+003 ];
omc_error_20 = [ 1.527706e-002 ; 9.127190e-002 ; 1.287320e-001 ];
Tc_error_20  = [ 4.145230e+001 ; 2.969196e+001 ; 4.642377e+001 ];

%-- Image #21:
omc_21 = [ -2.023502e-001 ; 2.911460e+000 ; -3.411979e-001 ];
Tc_21  = [ 6.426574e+001 ; -1.303478e+002 ; 1.608678e+003 ];
omc_error_21 = [ 1.644150e-002 ; 6.794391e-002 ; 9.200734e-002 ];
Tc_error_21  = [ 4.310563e+001 ; 3.090259e+001 ; 4.840924e+001 ];

%-- Image #22:
omc_22 = [ -2.036622e+000 ; 2.032538e+000 ; 4.859150e-001 ];
Tc_22  = [ 1.940440e+002 ; -9.443345e+001 ; 1.502447e+003 ];
